129 273 20.45
186 264 19.767
198 315 24.7307
212 311 24.5906
216 338 10.3319
217 338 12.2413
220 343 22.1756
248 293 19.2819
248 294 5.65347
253 123 26.6417
253 124 3.48725
255 221 5.56165
255 222 18.9406
272 266 11.4985
272 267 16.1396
167 240 34.4252
174 260 23.8564
188 326 21.6701
205 287 10.6014
205 288 15.2431
237 303 12.1294
237 304 10.9291
240 204 2.56823
240 205 24.9816
241 204 32.5018
241 205 12.0721
256 226 22.4343
280 189 20.4459
281 290 18.1451
282 290 5.43828
368 293 32.2568
131 220 23.7309
161 376 34.6238
163 265 28.5516
178 326 22.5771
214 147 13.4892
215 147 18.1065
219 243 43.9601
224 279 19.3619
245 395 28.0936
275 350 24.2117
305 225 3.07583
306 225 19.7095
97 336 25.1868
97 337 9.65843
108 208 36.7912
124 296 23.2983
128 255 26.2203
167 248 12.4247
167 249 13.9493
184 340 30.8282
185 340 8.58449
189 228 18.7793
236 164 25.2646
251 330 21.239
385 290 5.92084
385 291 18.0497
24 357 18.4739
87 396 13.9537
87 397 7.17608
151 349 14.5563
151 350 30.2226
159 295 22.8901
172 54 24.2909
177 275 24.081
206 197 20.4864
223 299 3.56862
224 299 16.9632
292 300 26.2822
294 328 24.7428
154 300 20.7356
155 94 23.0109
162 282 5.48937
163 282 39.1477
175 203 33.9566
176 299 23.6688
185 238 11.4975
185 239 18.1944
186 238 3.59828
186 239 40.375
206 369 50.3088
216 189 24.472
284 283 26.1491
296 270 24.6861
100 369 22.9926
165 357 42.2823
176 309 22.7929
184 180 16.4379
185 180 2.83912
198 347 25.3334
204 339 22.9382
213 229 38.0391
237 359 21.5623
239 453 21.4505
239 454 3.30957
256 345 22.1214
152 303 5.22803
153 302 14.6044
153 303 7.58731
155 175 28.2271
166 292 25.8168
228 247 24.5495
229 238 33.0113
229 239 3.45186
246 200 31.2585
247 200 3.44234
247 289 24.9221
270 338 26.543
309 204 20.7198
365 281 3.54912
365 282 29.1235
366 282 5.30372
140 232 4.66278
140 233 17.9483
171 271 39.6541
202 223 27.9195
213 246 21.5783
214 246 3.48469
247 251 5.00776
248 179 27.8842
248 251 19.9771
264 369 23.5327
271 269 29.2606
279 295 27.1344
323 265 22.5017
115 360 23.5323
135 258 21.6148
135 260 21.7723
136 260 2.8237
166 478 20.4465
167 478 4.33079
183 145 21.25
213 183 23.1244
284 291 23.945
330 316 5.06962
330 317 19.0853
343 289 2.47744
344 289 16.1622
437 205 21.8354
438 205 2.62684
