166 254 17.8977
193 301 25.7874
193 302 3.73463
194 301 17.3912
194 303 3.75997
206 207 2.71961
207 207 48.6235
207 208 3.24614
232 202 11.6591
232 317 22.7661
233 202 25.9519
240 325 18.5583
241 325 2.52432
277 223 33.6497
284 331 21.2413
289 280 7.78316
289 281 4.83314
290 274 13.5199
290 275 16.7968
290 276 19.3363
290 277 27.9769
290 278 20.463
290 279 16.1281
290 280 7.79062
295 245 23.7411
297 264 6.89356
297 265 13.3056
297 266 6.66916
297 267 8.49259
297 268 4.46202
334 240 30.6222
359 210 38.9816
359 211 2.73287
360 211 10.6946
362 209 8.59902
363 208 13.3197
363 209 5.64083
364 208 28.4226
365 207 17.1657
366 206 5.32429
366 207 15.8285
367 206 22.4344
368 205 9.73668
368 206 5.62725
369 205 18.8573
370 204 15.1815
371 203 4.59582
371 204 12.4204
372 203 18.1626
373 202 9.49352
373 203 7.56218
374 202 20.0562
375 201 25.1951
376 201 17.5943
