114 269 21.7807
115 217 4.89318
115 218 35.5699
116 218 40.6412
117 218 39.3695
118 218 32.5337
119 218 50.1533
120 218 50.355
121 218 50.0985
122 218 33.1796
123 218 31.1485
123 219 15.4664
124 219 33.9989
125 219 36.1501
126 219 55.8104
127 219 58.5004
128 219 77.8086
128 223 7.88166
128 224 61.1824
128 225 18.6164
129 221 8.0397
129 222 60.326
129 223 52.1831
130 219 4.36338
130 220 25.3464
130 221 76.177
130 222 9.02265
131 218 56.4112
131 219 69.8356
132 217 91.2361
132 218 73.9439
133 216 85.2172
133 217 38.5906
143 236 28.4521
171 130 21.8854
176 311 2.72725
176 312 18.8248
185 326 25.9266
205 310 20.291
209 272 21.3592
267 293 28.3516
277 271 21.8024
