95 287 25.6918
121 261 23.3681
133 247 19.4941
143 190 20.9635
180 210 24.0192
204 238 18.7311
266 113 21.1964
276 290 23.5816
319 178 29.7224
320 176 16.2509
320 177 38.1816
320 178 10.7271
321 176 2.83347
321 177 12.1376
330 316 33.2997
332 233 6.8202
332 234 9.29285
333 232 6.78375
333 233 11.7151
334 231 8.21535
334 232 9.98414
335 230 8.10451
335 231 8.82643
336 229 7.25801
336 230 7.69497
337 228 7.95582
337 229 8.62709
338 227 9.13505
338 228 7.26357
339 226 8.72062
339 227 7.86811
340 225 5.03779
340 226 7.43196
