216 251 2.2527
216 252 25.4216
217 251 13.7669
217 255 13.8705
217 256 1.09108
218 251 21.918
218 253 28.2145
218 255 12.4662
218 256 30.9961
219 251 5.09421
219 252 26.776
219 254 71.3117
219 255 6.79366
219 256 60.5133
219 257 3.77105
220 251 5.92784
220 252 48.8304
220 253 88.432
220 254 67.9807
220 255 58.2298
220 256 63.5744
220 257 72.1328
220 258 74.9684
220 259 6.135
221 250 33.3297
221 251 21.5684
221 252 6.42397
221 253 118.938
221 254 124.294
221 255 284.978
221 256 431.022
221 257 135.026
221 258 33.57
221 259 76.3358
221 260 28.125
222 251 0.721131
222 252 64.337
222 253 148.098
222 254 406.293
222 255 394.883
222 256 362.738
222 257 227.495
222 258 178.942
222 259 165.845
223 249 24.809
223 250 32.1062
223 251 53.1061
223 252 184.271
223 253 239.743
223 254 476.714
223 255 889.037
223 256 519.773
223 257 429.632
223 258 188.606
223 259 58.0038
223 260 26.0791
224 251 94.0774
224 252 151.804
224 253 211.165
224 254 287.481
224 255 500.466
224 256 470.436
224 257 549.574
224 258 163.198
224 259 76.7129
225 249 1.35402
225 250 4.21672
225 251 25.9958
225 252 54.0057
225 253 203.962
225 254 512.505
225 255 418.708
225 256 628.207
225 257 302.431
225 258 191.76
225 259 29.5072
226 249 4.96072
226 250 83.0918
226 251 5.35178
226 252 50.3022
226 253 95.5317
226 254 195.137
226 255 205.376
226 256 247.204
226 257 242.412
226 258 176.874
226 259 2.36593
227 249 3.73838
227 250 9.50185
227 251 22.0269
227 252 31.5594
227 253 77.7142
227 254 129.143
227 255 107.356
227 256 28.0825
227 257 132.329
227 258 88.1824
227 259 3.54671
228 249 7.64978
228 250 10.7255
228 252 18.9729
228 253 28.5196
228 254 2.04547
228 255 0.883938
228 256 38.0141
228 257 42.524
228 258 13.9185
229 249 5.15053
229 257 7.91895
230 249 1.33999
230 250 2.54196
230 256 25.3284
231 260 4.79417
232 260 3.33976
232 261 4.50788
232 262 0.778495
240 249 2.81549
241 249 4.98996
242 249 5.2905
243 249 6.98959
244 249 3.45855
245 249 4.2823
246 249 4.89385
247 249 3.77975
248 249 4.07185
249 249 4.61185
250 249 0.713837
310 286 0.753616
311 286 1.22167
