183 264 0.685528
183 265 23.8742
193 227 20.0768
193 228 2.04232
200 266 10.6176
201 266 55.8736
201 267 1.11291
202 266 51.1485
202 267 15.466
203 266 35.7687
203 267 23.032
206 267 20.8022
207 224 31.5907
218 244 3.33887
218 245 5.88453
219 244 4.49504
219 245 8.68181
222 219 24.0519
222 220 6.55739
222 221 14.0036
224 269 22.3303
246 231 6.02947
246 232 23.6579
273 258 26.3747
298 247 0.659053
298 248 0.971988
299 247 5.34685
300 247 4.0209
301 247 3.91676
302 246 6.40871
302 247 1.24982
303 246 9.14659
304 246 26.8164
304 263 22.0547
305 245 2.12137
305 246 4.48866
305 263 1.03357
306 245 4.20587
307 245 5.91353
308 245 4.25459
309 244 2.82028
