200 282 17.7178
201 278 1.20614
201 279 6.02145
201 281 9.31113
201 282 2.31807
202 279 15.3574
202 280 6.47227
202 281 1.29315
215 240 7.6962
218 257 1.05151
219 253 14.2569
219 254 10.0284
219 256 72.3316
219 257 52.279
219 258 56.05
220 252 28.642
220 254 159.305
220 255 132.856
220 256 204.387
220 257 172.506
220 258 40.5691
220 259 25.9541
221 252 70.2514
221 253 77.9895
221 254 302.998
221 255 239.14
221 256 187.699
221 257 205.362
221 258 85.4531
221 259 7.6602
222 252 116.535
222 253 168.894
222 254 466.03
222 255 312.512
222 256 374.144
222 257 336.53
222 258 329.766
222 259 44.9284
222 260 31.9884
222 261 4.29987
223 251 50.9934
223 252 130.096
223 253 339.981
223 254 594.604
223 255 521.452
223 256 634.95
223 257 519.263
223 258 309.186
223 259 83.3012
223 260 35.6767
223 261 6.22632
223 262 25.0963
224 251 10.9569
224 252 257.336
224 253 146.099
224 254 266.191
224 255 596.048
224 256 472.845
224 257 392.505
224 258 277.515
224 259 133.617
224 260 57.4564
224 261 3.97267
225 249 1.57808
225 250 22.8572
225 251 50.9876
225 252 91.9749
225 253 140.306
225 254 337.71
225 255 406.055
225 256 379.395
225 257 413.13
225 258 141.482
225 259 108.81
225 261 5.52102
226 251 78.8257
226 252 31.0897
226 253 68.7073
226 254 127.509
226 255 357.807
226 256 387.61
226 257 153.636
226 258 90.8056
226 259 67.3172
226 260 15.6573
227 250 0.944857
227 251 13.4475
227 252 16.4172
227 253 88.472
227 254 167.649
227 255 82.1969
227 256 127.696
227 257 4.89023
227 258 75.7109
227 259 85.8874
227 260 21.5824
228 254 2.68053
228 255 18.3028
228 256 17.9487
228 257 52.9637
228 258 45.7722
228 259 22.8719
228 260 6.26403
228 261 5.50666
229 254 24.5996
229 255 3.7255
229 257 4.48107
229 260 4.71259
229 261 9.7931
230 255 28.2681
261 253 8.62263
261 254 2.58328
262 251 3.32435
262 252 30.4164
262 253 3.61446
373 282 6.69956
